# Created by Octave 5.1.0, Fri Jan 24 03:42:10 2020 GMT <unknown@DESKTOP-HQF1BTV>
# name: rstate
# type: uint32 matrix
# ndims: 2
 625 1
 174084195
 602895188
 358880479
 1420829915
 1068898695
 99792327
 1634673986
 3983422944
 4123120329
 3669798179
 3671193104
 3754144939
 3236690074
 1780827209
 2262005622
 4275490088
 1328585061
 2496052321
 1414661134
 45177248
 3170667565
 97096490
 3414383444
 4023890518
 1684245377
 1828286442
 490465837
 1615428436
 2693870151
 4023777367
 2183199627
 4149825008
 3363208833
 304956065
 2454887780
 2809985047
 2534689835
 2564510330
 3902735537
 861507486
 3513208659
 757621842
 3341691309
 4221812420
 3937630296
 1501653479
 3704213364
 2742850258
 2238224224
 156826377
 2221823180
 253519953
 840117867
 1244562362
 3100421056
 3961132828
 4226375980
 1349852694
 3765508157
 964966498
 3735881982
 1682395273
 1122404830
 732940165
 129955144
 185115194
 1091300800
 3707711702
 1299646395
 2696463839
 3291692673
 3653827609
 2852462164
 429030274
 2280252726
 587368914
 89911992
 2291591405
 4048608177
 219023799
 3321151256
 687525350
 3225210312
 1038390553
 1656660773
 3310645574
 2989986714
 3887397618
 2129342240
 564656603
 261689070
 3040735561
 2305054498
 1612460924
 3170894754
 2223375817
 2272415254
 1667249667
 444037286
 3449087148
 3557984310
 1880969930
 2515020933
 1350043498
 2599295310
 1657693718
 1144835209
 2932354407
 931685212
 2819783763
 4258263329
 1638843280
 3820316423
 1495897252
 283004822
 986425441
 696641986
 762824056
 2697166891
 3578112496
 1565818504
 2977712384
 1544988417
 1038913833
 1749908607
 4112543235
 3955605548
 1951863665
 3539649377
 1599476417
 2648911466
 1755621117
 2574909606
 3923404835
 262519691
 4134184636
 796923648
 3574711759
 2143328326
 1384069471
 518253989
 105502439
 1819632844
 454596171
 434344658
 1021577724
 1399312058
 2084200066
 4139983575
 1812619753
 1671282001
 3031635257
 1053973420
 1400651325
 2798016889
 3410097272
 3220802801
 3454237433
 384933389
 1082681487
 2102123542
 81696164
 1635592468
 2807576782
 2247313441
 1398173755
 702316729
 4060690390
 110453030
 2945597156
 2942415086
 3641673419
 1122871272
 3233949384
 2969036792
 3679162902
 4276802133
 774336696
 1375178023
 1552724708
 3610746279
 1799907460
 2680484634
 3221974678
 1678708745
 3005651853
 1338577816
 2928661198
 2881115784
 897410878
 522488644
 4101564621
 3269877186
 1600060255
 1864435098
 2290672685
 576768716
 998198086
 2941144481
 3872442799
 1262541119
 2365605465
 2772562379
 2397396751
 304058790
 3350607611
 2054562525
 3070502573
 163431891
 1645631982
 2141527776
 2469606622
 1533935489
 104167939
 3301197919
 1027570994
 3596792017
 1725820988
 4096941507
 2035701572
 1376206989
 3796581871
 1489635644
 1683118013
 1882034812
 2064939771
 1894381444
 1372349540
 1742547313
 1734278273
 1936012506
 3976951805
 3724731904
 3638749538
 1366432769
 346555667
 3380343265
 3301985940
 3502219794
 408688999
 1499987309
 757865920
 3003059825
 2826117359
 1791451383
 2265010910
 457902279
 3597807051
 2449828692
 3742304410
 3420725468
 2894418434
 1970488836
 2928939804
 3426111620
 1451805448
 3730157761
 1427344301
 3503705311
 813582856
 3297557280
 3421688323
 4162827967
 1947357835
 1279829422
 21248703
 440722960
 1475861860
 2000028454
 1587159142
 2747427153
 229685497
 1853368235
 2212231371
 805445194
 3960532510
 490279020
 1419660317
 3876094337
 2770240048
 2803434476
 39793721
 593711941
 478382633
 1875152668
 4213745301
 2173517076
 1749041825
 4244742739
 2198021038
 2836004506
 3019017042
 2694506205
 2855372739
 3310532544
 2909808031
 1284319006
 2970621276
 327436889
 3381057028
 3467358101
 1184268222
 3199262997
 4181578691
 1343311413
 413005883
 1500789686
 459827869
 278429883
 1962380667
 1184564515
 1120704523
 3116288191
 2629812494
 1319436291
 2586654162
 128414816
 2054489878
 4035222653
 999876002
 2925469804
 1464249668
 3307330151
 3211461015
 3526965948
 2866597128
 221910841
 4139543857
 4282374496
 502078317
 1435447490
 3309014838
 918333624
 1346991670
 3775311100
 3232286287
 2870875687
 630538892
 1820375369
 2572901122
 3799261708
 2716540977
 2280605261
 3132904260
 1206011441
 733824121
 1165813751
 1672614632
 1629921312
 2698400759
 2842781333
 1198190544
 4278487744
 409932629
 651731276
 2646176722
 2387302625
 1398816182
 1065282152
 3529472316
 348404104
 1404285148
 1978782336
 675913251
 187450795
 1835438136
 4247494886
 380203998
 4140097291
 3280469760
 3426039633
 2025638012
 4035811510
 3247516696
 3266105479
 2051438510
 248672235
 2142855866
 3386094387
 1098650813
 3501240923
 2398568542
 1343773621
 3468036253
 86533636
 106665955
 762177038
 1657436304
 3955585358
 2431089480
 1606834879
 1625306210
 2519126412
 3959454232
 550776073
 3070974953
 3321035502
 448925226
 1581334192
 514531049
 167111756
 1113260038
 3270253033
 3104645191
 2377777540
 1972314736
 4101857395
 1207226981
 1626312205
 3057297767
 862999770
 3230611041
 2540222258
 1857527162
 3902204418
 61605690
 161253977
 2214240760
 3867755892
 1010520032
 3139208882
 3249634756
 1922381196
 1402763930
 1517196739
 240743381
 3852860142
 2946884483
 3102419408
 1716218348
 2079918225
 4045484143
 1922558662
 2595755101
 696767077
 3053368095
 3129369284
 3341741303
 2928993522
 2507272822
 363808911
 3728434867
 3783340208
 2824292333
 1953185013
 2094124319
 3122710798
 3397553714
 1959736903
 4237324714
 1421053357
 2693090550
 1618522615
 7843234
 3177913221
 1117822433
 2271156041
 2645699455
 3140339277
 2025484824
 1904410960
 273174400
 2693539932
 1330515081
 2508115682
 2103000046
 2361377346
 3764548022
 1261061960
 4064839586
 494149120
 4060939607
 2041329207
 3008989526
 99459637
 330286733
 3177651008
 3899430719
 1771966466
 3182448198
 1218106478
 3782175458
 3760885656
 4201805182
 1077087383
 2127653031
 508316365
 902176419
 3491637723
 1887909218
 462463226
 3420519212
 2601747597
 325682752
 1403296665
 444966179
 2349124858
 285542681
 596128186
 2421711452
 1953266231
 3048238363
 2644081330
 3820494557
 752697881
 2035987587
 33397420
 1336373262
 2900785851
 604416086
 1764253707
 1044989933
 3394204682
 1494084034
 1610234270
 3040435392
 108304848
 2736830971
 3085792495
 3621904080
 536290579
 2856863238
 950426402
 2552395823
 2401533336
 3528259826
 2341640169
 1999553708
 2596670568
 1194587312
 3397377343
 396712857
 709160552
 3717508007
 1516223499
 2544070119
 2471429534
 3842591271
 1910017971
 324651658
 3526893527
 2363113961
 1919144886
 1010405102
 3241505565
 3952311597
 3227047878
 4080874958
 3049870950
 1463836613
 3090600831
 1289208737
 212515810
 2298112131
 1674510418
 3248905714
 1591294065
 3827169497
 3404904114
 3027841359
 1429589626
 4135529740
 2464144342
 3424436270
 2497406972
 3409671072
 1829769897
 984205380
 2215375607
 359625092
 2263945382
 3310850303
 3456519463
 932089548
 3585130611
 1073124990
 2900049385
 3614510332
 3209899679
 1381388925
 369511972
 1932894210
 2824078722
 2189895934
 2027859972
 3849676195
 4010822660
 2224844551
 551781935
 4149324703
 341229782
 3485341736
 2148293160
 3360999024
 2741503881
 2145519317
 4049371686
 1533893610
 2591442864
 1648972624
 3204001915
 2319171211
 390081569
 1723026603
 3910962051
 3274455121
 2745394161
 3590384955
 574920121
 2865797466
 4037482816
 3487594623
 2632846377
 1888030149
