# Created by Octave 5.1.0, Thu Jan 23 17:16:04 2020 GMT <unknown@DESKTOP-HQF1BTV>
# name: rstate
# type: uint32 matrix
# ndims: 2
 625 1
 1879056845
 4148342160
 1679906860
 2239825876
 3041268019
 4095415472
 2553881346
 3108816693
 991330090
 198297402
 4050555272
 837888840
 1178083214
 93047919
 447463175
 3999244296
 1574551128
 3780257933
 453520378
 2769693518
 574800928
 4217151674
 568366001
 372343185
 4233261442
 3277405603
 1754130453
 4002892901
 2775307166
 1931432029
 4281180239
 4098218406
 3014079164
 3753002742
 1399897919
 4246156723
 740361479
 628650632
 2092282500
 2784843141
 2176922512
 1653525000
 1387877369
 1037641593
 4145336171
 1820036826
 2263278132
 2226949010
 579607353
 3326031193
 2970924227
 1146474084
 672494765
 2816900870
 513511862
 809638878
 363003625
 995675363
 2499373604
 4154559789
 3769107136
 2986524708
 3684802950
 1287417304
 960390057
 255954428
 3525954153
 2265594742
 1984219677
 2502123037
 3185597973
 2708867284
 1474984531
 2396656073
 768783529
 847604222
 1071621939
 1986435778
 198561450
 188128280
 17799777
 2785520657
 964531706
 734856344
 642075203
 3964754775
 2087426025
 219694095
 2171901966
 2927291988
 1447704760
 2402830245
 2102787407
 1789563608
 2539779266
 3736113443
 903677311
 2305186114
 57880279
 4245355756
 2209349717
 4106241304
 2669402022
 2179120662
 839131336
 2072961950
 543282
 648945024
 1217122472
 1580538813
 3643837145
 3169476898
 63686953
 3824818792
 4294912312
 2524760512
 1595997758
 2507880023
 3592131254
 4124703719
 2175532077
 3582234486
 3263094570
 1185509274
 4277954293
 1477679359
 1495320597
 3600271413
 1433376047
 9433464
 2374188627
 430629603
 3076092540
 3709994291
 221431711
 1857975555
 4147205975
 392702807
 1363029167
 3416263628
 3286182896
 3887292811
 1546513921
 701360830
 2834932707
 525984183
 4136859120
 1693224536
 378606458
 3783358749
 3700080701
 3772750655
 2593605094
 98147865
 205086836
 1648110915
 1412692531
 4288112426
 2972840260
 1343696724
 2089864006
 1082174279
 3988760010
 270188827
 136367037
 3785593829
 3816528883
 568237623
 543065362
 1420736031
 3876274856
 3626582281
 2985342218
 3887286978
 2889896058
 3900523937
 4161812021
 3400322765
 3767198757
 3107615903
 196335199
 1317579959
 3402028109
 1438681452
 3243391256
 2451249383
 3077322019
 1382907284
 3943809136
 2513792000
 1581407719
 1478874836
 2511362401
 2402914990
 402223582
 1184375377
 2582428687
 2388799792
 468338568
 2802239971
 1949777351
 2284523018
 3624274113
 1890168009
 2064796976
 2838371639
 1442149616
 246209016
 2200414365
 3646306417
 1865649421
 1191872580
 172197145
 1767748033
 1880053201
 3161660854
 2963729776
 2295480170
 730513609
 317134567
 10287746
 2977556164
 3771037022
 778925217
 1352970829
 1743959079
 311205139
 1894221454
 3071014980
 594576767
 2106995453
 3410706246
 1692046349
 1697531636
 4203908386
 1727369310
 620330306
 2687016846
 3427564468
 3544013282
 894131338
 2847816480
 1601235981
 2097449110
 985368855
 4202898347
 3884708348
 801888426
 2793446843
 4215395508
 2544234042
 581324537
 722725175
 812096121
 818971902
 3710608017
 3362795225
 730289436
 3626474093
 3712398983
 386711006
 78037589
 437406876
 1961078635
 2022846111
 1773371897
 4167721731
 4094691226
 1385825252
 4019923233
 4149131387
 863009709
 2529165569
 3288069902
 2260580565
 1858984419
 2117147526
 265657951
 4277907942
 906754612
 4283726096
 2545824488
 2086118534
 849488225
 2570132457
 4193457091
 1819683967
 3234736829
 3953574650
 1905171314
 3507352045
 1649278936
 1355456475
 2612694994
 888520220
 494294461
 1125824913
 3975630728
 2682821791
 1187386351
 466700907
 3460555356
 2116636846
 24213662
 3520870043
 3692403752
 897871524
 897772923
 2269986766
 961374788
 3231492307
 3584641679
 2752813464
 826287059
 78987412
 1008626079
 3497414013
 748197330
 1070115645
 3782304518
 3227811890
 609242802
 2027293049
 2448797390
 1155152575
 3819447429
 11201865
 1581426627
 1740112724
 3402179333
 1520100900
 2432270993
 624395646
 2457828079
 3461529648
 2758643939
 496416909
 1165704315
 3048403265
 2860718657
 1794697941
 2671535107
 3371469478
 2499024729
 2384706940
 2661619275
 733592692
 792776499
 757893087
 1052296340
 2328362864
 625064112
 1298685522
 2223282551
 963178004
 2979834782
 3249996575
 2136289282
 474432345
 1974042290
 1299644523
 98707924
 2490950640
 2132533305
 1323945862
 3566457983
 201806090
 953473919
 941876733
 3507676373
 2778828539
 1761812258
 3034965525
 1586248420
 1740080625
 524311248
 2833542594
 3423750567
 2541368712
 3753454640
 2434040717
 142505721
 2920690381
 148989996
 118691635
 3805251117
 4243852735
 2284836364
 1967757526
 2642799108
 3032880786
 3461109254
 2582867176
 3096082107
 3568100722
 1482942442
 3439281024
 1965374279
 482607358
 305198821
 2500661311
 3982089927
 664744018
 4125648873
 3653305612
 4053747987
 1665911279
 3817025977
 3172965271
 98164810
 3272355259
 221889117
 961469603
 336245315
 639152274
 2310175107
 1501338946
 3454737045
 4234268114
 3839483841
 1603499537
 3007880914
 2226356823
 3341131083
 2856410662
 1345529684
 5811859
 155549332
 1087450479
 1728765883
 955815808
 2184343517
 4289227139
 356972903
 1694515756
 3911228124
 2141351779
 1252841790
 360990432
 4093686129
 4131443064
 3213505312
 4139193685
 135881636
 1529861685
 3796486865
 3234016339
 418273613
 2376404964
 1541655841
 2581700376
 2343383213
 2490161335
 320148195
 2250430796
 2433261379
 2127071395
 3481971535
 587638267
 3781669195
 1559641346
 1181281010
 3210150821
 1185770520
 2175761717
 2424159991
 3645335422
 511475061
 1721780534
 3915857905
 4282027611
 1947536900
 1917048632
 1683609004
 2553689550
 2044443685
 2068256176
 421054356
 307878681
 1552121440
 2771278680
 505853226
 1233117887
 2284660914
 2545923101
 713835476
 557677438
 574635758
 1252570381
 315418169
 979392954
 1833581087
 3641165376
 1628534455
 2679065414
 3081962184
 3215528693
 3070847535
 2333622194
 961422066
 2715573129
 1727779838
 4201427295
 2112820889
 2284701226
 283700219
 2214951797
 3727898225
 1947870827
 2230590471
 2773326201
 4068967346
 4055297170
 2019723291
 2839937219
 2762401852
 1921522436
 1835141496
 1964741527
 4166070780
 2010944640
 3024770560
 1357701234
 266548260
 3665984830
 959193767
 2986498126
 1533423352
 3350313224
 2602666987
 73775446
 3321882438
 1077741109
 1842834208
 60517910
 1992017540
 605511524
 2995001273
 2465941964
 4226751459
 1199431772
 3779102038
 1841963362
 3958590270
 718508722
 2779671846
 3278943727
 3747956764
 1170363648
 3889769497
 2048443659
 2064842753
 1679099435
 2832705321
 1449680633
 1896840652
 627864746
 2925786457
 1821597068
 1785967831
 3229882593
 2034089339
 3242672570
 758716507
 2320487325
 1602790600
 2542223258
 451729438
 3365291861
 1020191648
 3803341664
 3939526771
 1495148372
 79655276
 1801455606
 4004944303
 4151097592
 1037875402
 3519091175
 339522048
 2111089837
 2019243540
 4245385270
 2733985705
 3341567584
 2588975652
 689308462
 2685284707
 2024330270
 2339880151
 1461121078
 1182883656
 99028899
 677980403
 2996015106
 4272628648
 1618583095
 3901258246
 4070039739
 2556636620
 3146793867
 2764359802
 2621909335
 2629009934
 1938522683
 2867920001
 1753577667
 1503176544
 2467870156
 2064989141
 1995981828
 2644445161
 2246736761
 3122857789
 975062007
 2245514492
 2248297589
